n= [1 0 0 1]

d= [1 1]

